0	[89, 18, 2, 26, 12, 0, 10, 9, 14, 1, 0, 0, 0, 0, 0, 0, 0, 0, 0, 0, 0, 4, 0, 0, 0, 0, 0, 0, 5, 0, 1, 0, 0, 16, 0, 0, 1, 0, 0, 0, 0, 1, 0, 0, 0, 1, 0, 0, 0, 0]
1	[25, 21, 6, 28, 5, 12, 12, 20, 6, 0, 4, 0, 0, 1, 1, 0, 0, 0, 1, 3, 0, 6, 0, 2, 0, 0, 0, 0, 0, 1, 2, 2, 0, 13, 1, 0, 0, 0, 0, 1, 0, 0, 0, 2, 0, 1, 0, 0, 1, 0]
10	[2, 4, 2, 4, 4, 5, 2, 1, 0, 0, 0, 0, 0, 0, 1, 0, 0, 0, 0, 1, 0, 6, 0, 1, 0, 0, 0, 0, 0, 1, 0, 2, 0, 1, 0, 0, 3, 0, 0, 1, 0, 0, 0, 0, 0, 0, 0, 0, 3, 0]
2	[26, 12, 9, 20, 10, 4, 12, 10, 11, 4, 7, 0, 0, 0, 1, 0, 0, 0, 0, 0, 0, 2, 0, 38, 0, 0, 0, 0, 34, 0, 0, 0, 0, 16, 3, 0, 1, 0, 0, 1, 0, 0, 0, 0, 0, 0, 0, 0, 2, 1]
2010	[1, 4, 6, 0, 11, 3, 3, 3, 1, 0, 0, 0, 0, 0, 0, 0, 0, 3, 0, 0, 0, 4, 0, 0, 0, 0, 0, 0, 0, 0, 1, 0, 0, 4, 0, 0, 2, 0, 1, 0, 0, 0, 0, 0, 1, 0, 0, 0, 3, 0]
2011	[1, 3, 3, 2, 2, 12, 0, 1, 2, 0, 0, 0, 0, 0, 0, 0, 0, 0, 0, 1, 0, 9, 0, 0, 0, 0, 0, 0, 0, 0, 0, 0, 0, 4, 0, 1, 5, 0, 0, 0, 0, 1, 0, 1, 0, 0, 0, 0, 3, 0]
3	[10, 6, 2, 5, 4, 0, 12, 7, 5, 0, 3, 0, 0, 0, 1, 0, 0, 1, 1, 2, 0, 3, 0, 0, 0, 0, 0, 0, 0, 1, 0, 1, 0, 3, 2, 0, 1, 0, 0, 0, 0, 0, 0, 0, 0, 1, 0, 0, 0, 3]
4	[6, 6, 2, 7, 5, 3, 6, 3, 12, 0, 1, 0, 0, 0, 1, 0, 0, 0, 1, 2, 0, 5, 0, 1, 0, 0, 0, 0, 12, 1, 1, 0, 0, 10, 1, 0, 0, 0, 0, 0, 0, 0, 0, 0, 0, 1, 0, 0, 3, 0]
5	[15, 8, 4, 5, 3, 1, 6, 9, 13, 1, 0, 0, 0, 0, 1, 0, 0, 0, 0, 0, 0, 5, 0, 1, 0, 0, 0, 0, 3, 1, 3, 1, 0, 7, 1, 0, 0, 0, 0, 0, 0, 0, 0, 2, 0, 0, 0, 0, 4, 0]
b	[0, 0, 0, 24, 0, 0, 0, 3, 0, 13, 5, 0, 0, 1, 0, 0, 0, 0, 2, 0, 0, 2, 0, 1, 0, 1, 0, 0, 33, 1, 0, 0, 0, 6, 0, 0, 2, 0, 0, 0, 0, 0, 0, 0, 0, 0, 0, 0, 2, 0]
c	[0, 3, 0, 8, 0, 0, 1, 1, 0, 0, 6, 0, 0, 2, 5, 1, 3, 0, 0, 2, 0, 1, 0, 2, 0, 1, 0, 0, 20, 0, 0, 3, 0, 0, 2, 0, 2, 0, 0, 2, 0, 0, 0, 0, 1, 2, 0, 0, 1, 0]
d	[0, 3, 0, 5, 0, 0, 0, 1, 0, 1, 5, 0, 0, 4, 2, 0, 1, 0, 1, 2, 0, 0, 0, 3, 0, 1, 0, 0, 0, 1, 1, 2, 0, 6, 4, 0, 3, 0, 0, 0, 0, 0, 0, 0, 4, 1, 0, 0, 0, 0]
e	[0, 0, 0, 6, 2, 0, 0, 1, 0, 1, 1, 0, 0, 1, 4, 0, 0, 2, 17, 0, 0, 1, 0, 1, 0, 2, 0, 0, 0, 0, 0, 1, 0, 8, 1, 0, 5, 0, 0, 0, 0, 0, 0, 0, 0, 6, 0, 0, 1, 2]
eric	[0, 0, 0, 0, 0, 0, 0, 2, 0, 0, 0, 0, 0, 0, 0, 1, 0, 0, 0, 0, 0, 0, 0, 2, 0, 0, 0, 0, 0, 0, 0, 0, 0, 1, 0, 0, 1, 0, 0, 0, 0, 0, 0, 0, 0, 0, 0, 0, 0, 0]
f	[0, 0, 0, 2, 0, 0, 0, 0, 0, 0, 1, 0, 0, 5, 0, 0, 2, 0, 0, 0, 0, 0, 0, 0, 0, 0, 0, 0, 0, 0, 3, 0, 0, 2, 1, 0, 0, 0, 0, 1, 0, 0, 0, 0, 0, 0, 0, 0, 0, 0]
first	[0, 2, 0, 0, 0, 0, 1, 0, 0, 1, 1, 0, 0, 1, 0, 0, 0, 0, 0, 0, 0, 2, 0, 0, 0, 0, 0, 0, 0, 0, 0, 1, 0, 5, 0, 0, 0, 0, 0, 0, 0, 0, 0, 1, 0, 0, 0, 0, 0, 0]
g	[0, 2, 0, 1, 0, 0, 1, 0, 2, 0, 0, 0, 0, 2, 0, 0, 0, 0, 4, 0, 0, 1, 0, 0, 0, 3, 0, 0, 2, 0, 0, 2, 0, 8, 1, 0, 10, 0, 0, 1, 0, 0, 0, 0, 0, 1, 0, 0, 0, 3]
h	[0, 2, 0, 5, 0, 0, 2, 3, 0, 0, 1, 0, 0, 4, 1, 0, 0, 0, 2, 7, 0, 0, 0, 3, 0, 2, 0, 0, 0, 4, 3, 1, 0, 1, 4, 0, 2, 0, 0, 0, 0, 1, 0, 0, 0, 12, 0, 0, 0, 1]
http	[0, 1, 0, 0, 3, 0, 0, 0, 0, 0, 0, 0, 1, 0, 0, 0, 0, 0, 0, 0, 0, 0, 0, 0, 0, 0, 0, 0, 0, 0, 2, 0, 0, 0, 0, 0, 0, 0, 0, 0, 0, 1, 0, 1, 0, 0, 1, 0, 214, 0]
i	[0, 1, 0, 2, 1, 1, 0, 0, 0, 0, 5, 0, 0, 3, 11, 4, 1, 0, 0, 0, 0, 0, 0, 15, 0, 2, 0, 1, 0, 3, 2, 0, 0, 3, 1, 0, 2, 0, 0, 7, 0, 0, 0, 0, 5, 1, 0, 0, 0, 0]
ir	[0, 0, 0, 0, 2, 2, 0, 0, 0, 0, 0, 0, 0, 0, 0, 0, 0, 0, 0, 0, 0, 0, 0, 0, 0, 0, 0, 0, 0, 0, 0, 0, 0, 0, 0, 0, 0, 0, 0, 0, 0, 0, 0, 0, 0, 0, 0, 0, 0, 0]
l	[0, 2, 0, 5, 0, 0, 0, 0, 0, 0, 4, 0, 0, 3, 1, 0, 0, 0, 0, 1, 0, 0, 0, 0, 0, 2, 0, 0, 0, 0, 0, 0, 0, 6, 0, 0, 2, 0, 0, 0, 0, 0, 0, 0, 0, 1, 0, 0, 0, 0]
le	[0, 0, 0, 0, 0, 0, 0, 0, 0, 0, 1, 0, 0, 0, 0, 0, 0, 0, 0, 0, 0, 0, 0, 0, 0, 0, 0, 0, 0, 0, 0, 0, 0, 0, 0, 0, 0, 0, 0, 1, 0, 0, 0, 0, 0, 0, 0, 0, 0, 0]
lt	[3, 3, 0, 16, 0, 0, 1, 6, 1, 16, 10, 0, 0, 0, 0, 0, 0, 0, 0, 0, 0, 1, 0, 0, 0, 0, 0, 0, 390, 0, 0, 19, 0, 24, 0, 0, 1, 0, 0, 0, 0, 0, 0, 0, 0, 0, 0, 0, 0, 0]
m	[0, 0, 0, 6, 0, 0, 0, 1, 1, 1, 2, 0, 0, 1, 0, 0, 0, 0, 1, 0, 0, 0, 0, 2, 0, 0, 0, 0, 0, 1, 3, 2, 0, 3, 2, 0, 3, 0, 0, 1, 0, 1, 0, 3, 0, 0, 0, 0, 0, 0]
n	[2, 0, 3, 2, 0, 0, 2, 2, 1, 0, 2, 0, 0, 2, 4, 0, 1, 0, 1, 0, 0, 1, 0, 1, 0, 5, 0, 0, 0, 0, 3, 1, 0, 5, 0, 0, 2, 0, 0, 0, 0, 0, 0, 0, 0, 24, 0, 0, 0, 0]
p	[4, 2, 1, 9, 0, 0, 4, 1, 2, 1, 1, 0, 0, 0, 1, 0, 0, 0, 2, 1, 0, 1, 0, 1, 0, 0, 0, 0, 0, 1, 1, 1, 0, 12, 1, 0, 0, 0, 0, 0, 0, 0, 0, 0, 0, 0, 0, 0, 1, 0]
quot	[4, 13, 2, 6, 3, 6, 7, 10, 5, 3, 4, 0, 0, 3, 0, 3, 1, 6, 5, 2, 0, 24, 0, 9, 0, 1, 1, 0, 10, 1, 8, 27, 0, 621, 1, 4, 18, 0, 2, 7, 0, 1, 0, 1, 0, 2, 0, 0, 15, 0]
r	[0, 1, 0, 7, 0, 1, 1, 1, 1, 1, 1, 0, 0, 2, 0, 0, 0, 0, 0, 1, 0, 2, 0, 5, 0, 0, 0, 0, 0, 0, 2, 1, 0, 3, 5, 0, 3, 0, 0, 0, 0, 0, 0, 0, 3, 0, 0, 0, 0, 0]
re	[0, 0, 0, 0, 0, 0, 0, 0, 0, 0, 0, 0, 0, 0, 1, 0, 0, 0, 0, 0, 0, 0, 0, 0, 0, 0, 0, 0, 0, 0, 0, 0, 0, 1, 0, 0, 1, 0, 0, 0, 0, 0, 0, 0, 0, 0, 0, 0, 0, 0]
s	[0, 4, 7, 9, 5, 4, 1, 3, 2, 2, 0, 1, 0, 0, 4, 0, 0, 14, 2, 1, 0, 7, 0, 7, 0, 1, 0, 0, 0, 0, 1, 4, 0, 35, 0, 0, 35, 0, 3, 1, 0, 2, 0, 1, 2, 1, 0, 0, 4, 0]
se	[0, 0, 0, 0, 0, 0, 0, 0, 0, 1, 0, 0, 0, 0, 0, 0, 0, 0, 0, 0, 0, 0, 0, 0, 0, 0, 0, 0, 0, 0, 2, 0, 0, 0, 0, 0, 0, 0, 0, 0, 0, 0, 0, 0, 0, 0, 0, 0, 0, 0]
st	[0, 0, 0, 1, 0, 0, 1, 0, 0, 1, 0, 0, 0, 0, 0, 0, 0, 1, 0, 0, 0, 0, 0, 0, 0, 0, 0, 0, 0, 0, 0, 0, 0, 2, 0, 0, 10, 0, 7, 0, 0, 0, 0, 0, 0, 2, 0, 0, 0, 0]
t	[0, 0, 0, 2, 0, 0, 0, 0, 0, 0, 11, 0, 0, 1, 0, 0, 0, 1, 1, 1, 0, 0, 0, 0, 0, 0, 0, 0, 0, 0, 0, 0, 0, 2, 0, 0, 7, 0, 0, 15, 0, 0, 0, 0, 0, 0, 0, 0, 0, 1]
ti	[0, 0, 0, 0, 0, 0, 0, 1, 0, 0, 0, 0, 0, 0, 0, 0, 0, 0, 0, 0, 0, 0, 0, 0, 0, 0, 0, 0, 0, 0, 0, 0, 0, 0, 0, 0, 0, 0, 0, 0, 0, 0, 0, 0, 0, 0, 0, 0, 0, 0]
u	[0, 0, 3, 1, 1, 0, 0, 2, 1, 0, 0, 0, 0, 0, 0, 0, 0, 0, 0, 0, 0, 0, 0, 0, 0, 0, 0, 0, 0, 3, 0, 0, 0, 0, 0, 0, 67, 0, 0, 0, 0, 0, 0, 0, 0, 0, 0, 0, 0, 0]
us	[2, 1, 0, 2, 0, 0, 0, 0, 2, 0, 0, 0, 0, 0, 0, 0, 0, 0, 0, 0, 0, 5, 0, 0, 0, 0, 0, 0, 0, 0, 0, 0, 0, 2, 0, 0, 0, 0, 0, 0, 0, 0, 0, 0, 0, 0, 0, 0, 3, 0]
v	[1, 0, 0, 1, 0, 0, 0, 1, 0, 0, 3, 0, 0, 0, 0, 0, 0, 0, 0, 0, 0, 0, 0, 7, 0, 6, 0, 0, 0, 3, 0, 0, 0, 0, 3, 0, 4, 0, 0, 0, 0, 3, 0, 0, 2, 0, 0, 0, 2, 0]
w	[0, 2, 0, 4, 0, 0, 0, 0, 1, 1, 1, 0, 0, 1, 2, 0, 2, 0, 0, 1, 0, 0, 0, 3, 0, 0, 0, 0, 0, 0, 1, 0, 0, 4, 0, 0, 3, 0, 1, 0, 0, 0, 0, 1, 0, 2, 0, 0, 0, 0]
wi	[0, 0, 0, 0, 0, 0, 0, 0, 0, 0, 0, 0, 0, 0, 0, 0, 0, 0, 0, 0, 0, 0, 0, 0, 0, 0, 0, 0, 0, 0, 0, 0, 0, 0, 0, 0, 0, 0, 0, 0, 0, 0, 0, 1, 0, 0, 0, 0, 0, 0]
www	[0, 3, 1, 0, 4, 0, 0, 0, 0, 0, 0, 0, 1, 0, 1, 0, 0, 0, 0, 0, 0, 1, 0, 0, 5, 0, 0, 0, 0, 2, 3, 0, 0, 0, 0, 0, 0, 0, 0, 0, 0, 0, 0, 5, 2, 0, 1, 0, 0, 0]
y	[0, 0, 0, 2, 2, 1, 0, 0, 1, 0, 0, 0, 0, 0, 1, 0, 0, 0, 0, 0, 0, 0, 0, 0, 0, 0, 0, 0, 0, 2, 2, 0, 0, 0, 1, 0, 0, 0, 0, 0, 0, 0, 0, 0, 0, 0, 0, 0, 0, 0]
